# oST version 5.0 parameters


[image]

width
1280

height
720

[narrow_stereo]

camera matrix
2083.843139 0.000000 622.291480
0.000000 2093.981584 359.796999
0.000000 0.000000 1.000000

distortion
-0.184986 0.542450 -0.000183 0.001270 0.000000

rectification
1.000000 0.000000 0.000000
0.000000 1.000000 0.000000
0.000000 0.000000 1.000000

projection
2057.252197 0.000000 622.789922 0.000000
0.000000 2083.450684 359.760372 0.000000
0.000000 0.000000 1.000000 0.000000
